1000
987
958
951
924
912
904
889
875
853
850
827
802
778
777
759
746
737
724
705
696
692
669
657
628
614
593
567
543
527
499
478
469
463
436
415
390
380
355
342
326
303
297
285
275
269
243
216
215
189
---
922
900
885
879
853
828
801
773
746
717
695
682
677
649
635
611
594
573
557
528
522
515
499
478
453
443
439
415
388
377
357
345
343
322
307
299
280
260
257
255
228
214
202
182
174
162
134
109
88
66
---
611
609|609
599|1198
597|597
580|1740
579|579
567|1134
550|550
544|544
534|534
515|1030
507|507
491|982
483|483
482|1446
469|469
462|1386
458|458
445|890
436|436
430|430
412|412
394|788
389|389
373|373
355|355
343|1372
330|330
325|650
308|308
294|882
290|290
275|550
261|261
260|1040
255|255
245|490
244|244
235|705
225|225
211|844
198|198
194|776
191|191
185|740
182|182
174|348
160|160
143|286
123