11
15
12
17
17
19
19
14
14
7
19
---
2286
1502
3618
2432
7163
3841
1851
7247
8317
4120
2681
8113
9367
4701
8327
8009
4152
5667
6107
6299
9003
6952
5550
7437
6195
8266
8873
9239
4573
4638
6919
7641
6277
7780
2362
6037
6141
8110
6957
5618
2361
4334
9843
2376
8472
9614
5252
2675
7933
8945
6929
5231
4566
2379
4254
7042
9033
2246
4036
5478
9513
8231
3949
1065
8054
8004
4303
5973
6782
7804
4612
8457
7229
5624
6383
3587
1797
8594
1499
4041
6864
9914
2838
8776
3312
3080
9841
3303
1988
3582
6241
1089
2135
3761
1464
2722
3839
9556
5373
7834
4992
3233
4700
3145
4088
3552
2497
7025
4027
3920
1507
1099
8253
2018
3870
2118
3915
7720
4943
3279
6879
1727
3418
4992
8790
5942
6323
5384
5878
4167
1126
6123
2998
6989
5524
3336
2796
4625
9985
4896
2713
9453
3256
3025
8747
9335
9318
6319
2252
9390
7836
6154
3984
2443
7270
3662
2883
2227
2336
6215
2250
3606
2096
6895
8250
9204
5991
2687
6188
8726
7110
1837
2357
5571
5355
3819
9369
8219
9390
8783
2506
8405
8573
8959
9790
6572
9996
3892
9125
6414
8865
5460
5128
1457
7529
8724
2658
7522
3970
7361
---
27756372
27290996
27510332
27327022
27910525
27670207
27694185
27159023
27789637
27645464
27287852
27760414
27318277
27286826
27050254
27062723
27849150
27517093
27311487
27834797
27637625
27338970
27731959
27898285
27244865
27305823
27548215
27926601
27623845
27104178
27888085
27827042
27670157
27447846
27187716
27817873
27514046
27182376
27998615
27636362
27399621
27362587
27597017
27396574
27994045
27120311
27044454
27387307
27657458
27484818
27354874
27025434
27173561
27545703
27470184
27301658
27505803
27605952
27511353
27944900
27492753
27478617
27694409
27684387
27994916
27213683
27245834
27592154
27493804
27457794
27043087
27297993
27806499
27337965
27342191
27168194
27957980
27287782
27739061
27696543
27723526
27388848
27718187
27374358
27606172
27653647
27837013
27560248
27791088
27776676
27192176
27259971
27532204
27948107
27333184
27154969
27954279
27771409
27347801
27337424
27225956
27830821
27575989
27397779
27042701
27982526
27794464
27760188
27587837
27691107
27221243
27785251
27821626
27626483
27361658
27204004
27735789
27139316
27841624
27030315
27035879
27592605
27030839
27205553
27009868
27675594
27536173
27470415
27386328
27704317
27833123
27363301
27792042
27636278
27260871
27952772
27109294
27834092
27481303
27733198
27876393
27420910
27937647
27581399
27310742
27731182
27227874
27546499
27226003
27362761
27049252
27420620
27947141
27472897
27583462
27377777
27511989
27710742
27027346
27249490
27750823
27592128
27127673
27177648
27556857
27894541
27507393
27500379
27916957
27890291
27954344
27004162
27626896
27511135
27280889
27776143
27600263
27051113
27284091
27396961
27259255
27111378
27233754
27601804
27479776
27472700
27162606
27108639
27711323
27702252
27014927
27982785
27969453
27190206
27857009
27596519
27399307
27736597
27825475
27239551
27293869
27669008
27492810
27061957
27260352
27330183
27885873
27400652
27083694
27632709
27792245
27565970
27398026
27120763
27624104
27831101
27596704
27130266
27315538
27853727
27779304
27890419
27676538
27587407
27593378
27529234
27191665
27766552
27628795
27276052
27094651
27883889
27596278
27987313
27329468
27106580
27070562
27890851
27661900
27805835
27312363
27999703
27050916
27632821
27283654
27439186
27630233
27142009
27477779
27834113
27860034
27118759
27450659
27183904
27985287
27309335
27514416
27473407
27159511
27982369
27666126
27024866
27037713
27289144
27642816
27571811
27560830
27888250
27949899
27115259
27606732
27797391
27606891
27703313
27918497
27168247
27163611
27081634
27538887
27491253
27717362
27787189
27556414
27142527
27388015
27621664
27963662
27571775
27433827
27096691
27448238
27123229
27725084
27829719
27487842
27168414
27768411
27211799
27281880
27006418
27119799
27901260
27429081
27830550
27567924
27671942
27150423
27390309
27158961
27469704
27960867
27334930
27940811
27701046
27241899
27715759
27409019
27926630
27273016
27974889
27198054
27718238
27511950
27229845
27802669
27987239
27773953
27182266
27586068
27781630
27326178
27299580
27925165
27334758
27987379
27165136
27495266
27896523
27136872
27560016
27359078
27905163
27525879
27240789
27626528
27410209
27682330
27745995
27353100
27598894
27272691
27936469
27777076
27767523
27668156
27384876
27359605
27487363
27321217
27748312
27620735
27449360
27976458
27755642
27550042
27936142
27594052
27171722
27714557
27257177
27653476
27777784
27577376
27750840
27139847
27238048
27304623
27088717
27412147
27612649
27093122
27265289
27353997
27687554
27241598
27554989
27114093
27025867
27025151
27040858
27939211
27603123
27230338
27116251
27227555
27240376
27017012
27099209
27215713
27394781
27635328
27814915
27757627
27750518
27058467
27077939
27357550
27834359
27661123
27992544
27070656
27095639
27872733
27166354
27250143
27176985
27781372
27433080
27318537
27152492
27570884
27457914
27325720
27300157
27565985
27796516
27600728
27648270
27153322
27870155
27595664
27918908
27592783
27431968
27921050
27812336
27872838
27026337
27381192
27743913
27922218
27265143
27614687
27680266
27626688
27852771
27983355
27669683
27226944
27976142
27148303
27230835
27688708
27571343
27042556
27196344
27045686
27288925
27358499
27335198
27575047
27821682
27854342
27707525
27599573
27146822
27651941
27476880
27125638
27826024
27673108
27913774
27354180
27749154
27535840
27506139
27760004
27236582
27447792
27357755
27803286
27574309
27172637
27592873
27808447
27544146
27740556
27738994
27354624
27513535
27336888
27025401
27157524
27776757
27462295
27336061
27474755
27255248
27354358
27124675